
king_pos:
0 0 0 0 0 0 0 0
0 0 0 0 0 0 0 0
0 0 0 0 0 0 0 0
0 0 0 0 0 0 0 0
0 0 0 0 0 0 0 0
0 0 0 0 0 0 0 0
0 0 0 0 0 1 0 0
0 0 0 0 0 0 0 0



some shift:

0 0 0 0 0 0 0 1 0 0 0 0 0 0 0 1 0 0 0 0 0 0 0 1 0 0 0 0 0 0 0 1 0 0 0 0 0 0 0 1 0 0 0 0 0 0 0 1 0 0 0 0 0 0 0 1 0 0 0 0 0 0 0 1




some square

0 0 0 0 0 0 0 0
0 0 0 0 0 0 0 0
0 0 0 0 0 0 0 0
0 0 0 0 0 0 0 0
0 0 0 0 0 0 0 0
0 0 0 0 0 0 0 0
0 0 0 0 0 0 0 1
1 0 0 0 0 0 0 0



0 0 0 0 0 0 0 0
0 0 0 0 0 0 0 0
0 0 0 0 0 0 0 0
0 0 0 0 0 0 0 0
0 0 0 0 0 0 0 0
0 0 0 0 1 1 1 0
0 0 0 0 1 0 1 0
0 0 0 0 1 1 1 0



e4 king


8| 0 0 0 0 0 0 0 0
7| 0 0 0 0 0 0 0 0
6| 0 0 0 0 0 0 0 0
5| 0 0 1 1 1 0 0 0
4| 0 0 1 1 1 0 0 0
3| 0 0 1 1 1 0 0 0
2| 0 0 0 0 0 0 0 0
1| 0 0 0 0 0 0 0 0
   H G F E D C B A


0 0 0 0 0 0 0 0
0 0 0 0 0 0 0 0
0 0 0 0 0 0 0 0
0 1 1 1 0 0 0 0
0 1 1 1 0 0 0 0
0 1 1 1 0 0 0 0
0 0 0 0 0 0 0 0
0 0 0 0 0 0 0 0





0 0 0 0 0 0 0 0
0 0 0 0 0 0 0 0
0 0 0 0 0 0 0 0
0 0 0 0 0 0 0 0
0 0 0 0 0 0 0 0
0 0 0 0 0 0 0 0
0 0 0 0 0 0 0 0
0 0 0 0 0 0 0 0


a file = 0000000100000001000000010000000100000001000000010000000100000001
h file = 1000000010000000100000001000000010000000100000001000000010000000

b file = 0000001000000010000000100000001000000010000000100000001000000010
g file = 0100000001000000010000000100000001000000010000000100000001000000
2 rank = 0000000000000000000000000000000000000000000000001111111100000000
7 rank = 0000000011111111000000000000000000000000000000000000000000000000



8|0 0 0 0 0 0 0 0
7|0 0 0 0 0 0 0 0
6|0 0 1 0 1 0 0 0
5|0 1 0 0 0 1 0 0
4|0 0 0 0 0 0 0 0
3|0 1 0 0 0 1 0 0
2|0 0 1 0 1 0 0 0
1|0 0 0 0 0 0 0 0
  H G F E D C B A
